Distance,10.0
TXDevice,iPhoneXS
TXPower,12
RXDevice,iPhone8
0.000,Bluetooth,-46
0.001,Bluetooth,-47
0.067,Bluetooth,-46
0.068,Bluetooth,-46
0.104,Bluetooth,-43
0.176,Bluetooth,-46
0.178,Bluetooth,-46
0.210,Bluetooth,-43
0.211,Bluetooth,-44
0.252,Bluetooth,-46
0.253,Bluetooth,-46
0.284,Bluetooth,-46
0.285,Bluetooth,-46
0.319,Bluetooth,-44
0.320,Bluetooth,-44
0.349,Bluetooth,-43
0.350,Bluetooth,-45
0.381,Bluetooth,-45
0.382,Bluetooth,-46
0.454,Bluetooth,-45
0.455,Bluetooth,-46
0.524,Bluetooth,-47
0.526,Bluetooth,-46
0.562,Bluetooth,-44
0.563,Bluetooth,-45
0.592,Bluetooth,-46
0.593,Bluetooth,-45
0.631,Bluetooth,-47
0.632,Bluetooth,-44
0.700,Bluetooth,-44
0.701,Bluetooth,-44
0.735,Bluetooth,-45
0.737,Bluetooth,-45
0.803,Bluetooth,-43
0.805,Bluetooth,-43
0.876,Bluetooth,-46
0.877,Bluetooth,-45
0.948,Bluetooth,-45
0.949,Bluetooth,-45
0.979,Bluetooth,-45
0.980,Bluetooth,-45
1.015,Bluetooth,-47
1.016,Bluetooth,-45
1.046,Bluetooth,-44
1.047,Bluetooth,-44
1.081,Bluetooth,-45
1.082,Bluetooth,-46
1.116,Bluetooth,-47
1.117,Bluetooth,-45
1.191,Bluetooth,-43
1.192,Bluetooth,-44
1.224,Bluetooth,-43
1.225,Bluetooth,-45
1.256,Bluetooth,-44
1.257,Bluetooth,-45
1.294,Bluetooth,-42
1.295,Bluetooth,-44
1.367,Bluetooth,-44
1.368,Bluetooth,-43
1.396,Bluetooth,-43
1.397,Bluetooth,-44
1.434,Bluetooth,-43
1.435,Bluetooth,-43
1.473,Bluetooth,-44
1.474,Bluetooth,-44
1.541,Bluetooth,-46
1.579,Bluetooth,-45
1.581,Bluetooth,-45
1.619,Bluetooth,-45
1.620,Bluetooth,-45
1.655,Bluetooth,-46
1.656,Bluetooth,-45
1.692,Bluetooth,-45
1.693,Bluetooth,-45
1.723,Bluetooth,-45
1.723,Bluetooth,-45
1.752,Bluetooth,-45
1.754,Bluetooth,-46
1.790,Bluetooth,-44
1.791,Bluetooth,-45
1.825,Bluetooth,-44
1.827,Bluetooth,-46
1.866,Bluetooth,-44
1.868,Bluetooth,-43
1.896,Bluetooth,-44
1.898,Bluetooth,-43
1.937,Bluetooth,-46
1.938,Bluetooth,-45
1.971,Bluetooth,-43
1.972,Bluetooth,-44
2.006,Bluetooth,-43
2.007,Bluetooth,-44
2.045,Bluetooth,-44
2.047,Bluetooth,-46
2.077,Bluetooth,-43
2.078,Bluetooth,-43
2.140,Bluetooth,-42
2.141,Bluetooth,-43
2.249,Bluetooth,-42
2.250,Bluetooth,-41
2.287,Bluetooth,-42
2.288,Bluetooth,-44
2.322,Bluetooth,-43
2.323,Bluetooth,-44
2.352,Bluetooth,-44
2.353,Bluetooth,-45
2.380,Bluetooth,-46
2.382,Bluetooth,-46
2.418,Bluetooth,-46
2.419,Bluetooth,-46
2.538,Bluetooth,-46
2.539,Bluetooth,-46
2.577,Bluetooth,-45
2.578,Bluetooth,-47
2.615,Bluetooth,-46
2.616,Bluetooth,-47
2.688,Bluetooth,-44
2.689,Bluetooth,-45
2.719,Bluetooth,-45
2.720,Bluetooth,-46
2.752,Bluetooth,-46
2.753,Bluetooth,-46
2.789,Bluetooth,-46
2.791,Bluetooth,-46
2.827,Bluetooth,-45
2.828,Bluetooth,-44
2.860,Bluetooth,-46
2.861,Bluetooth,-45
2.891,Bluetooth,-46
2.892,Bluetooth,-45
2.926,Bluetooth,-42
2.927,Bluetooth,-43
2.998,Bluetooth,-43
2.999,Bluetooth,-43
3.037,Bluetooth,-41
3.038,Bluetooth,-41
3.102,Bluetooth,-40
3.103,Bluetooth,-40
3.140,Bluetooth,-40
3.142,Bluetooth,-40
3.203,Bluetooth,-38
3.205,Bluetooth,-38
3.244,Bluetooth,-36
3.246,Bluetooth,-36
3.277,Bluetooth,-35
3.279,Bluetooth,-34
3.346,Bluetooth,-33
3.348,Bluetooth,-33
3.378,Bluetooth,-33
3.380,Bluetooth,-34
3.488,Bluetooth,-41
3.529,Bluetooth,-43
3.530,Bluetooth,-45
3.599,Bluetooth,-44
3.601,Bluetooth,-42
3.676,Bluetooth,-44
3.677,Bluetooth,-44
3.711,Bluetooth,-41
3.713,Bluetooth,-41
3.752,Bluetooth,-64
3.753,Bluetooth,-61
3.818,Bluetooth,-45
3.820,Bluetooth,-45
3.852,Bluetooth,-45
3.853,Bluetooth,-45
3.892,Bluetooth,-43
3.893,Bluetooth,-42
3.920,Bluetooth,-49
3.921,Bluetooth,-48
3.953,Bluetooth,-49
3.954,Bluetooth,-50
31.144,Bluetooth,-67
31.145,Bluetooth,-68
31.221,Bluetooth,-66
31.222,Bluetooth,-66
31.292,Bluetooth,-63
31.293,Bluetooth,-63
31.332,Bluetooth,-66
31.333,Bluetooth,-67
31.368,Bluetooth,-68
31.369,Bluetooth,-68
31.402,Bluetooth,-63
31.403,Bluetooth,-63
31.432,Bluetooth,-64
31.434,Bluetooth,-63
31.470,Bluetooth,-64
31.471,Bluetooth,-65
31.542,Bluetooth,-64
31.543,Bluetooth,-65
31.578,Bluetooth,-64
31.579,Bluetooth,-65
31.615,Bluetooth,-65
31.617,Bluetooth,-67
31.652,Bluetooth,-65
31.653,Bluetooth,-65
31.794,Bluetooth,-66
31.795,Bluetooth,-65
31.861,Bluetooth,-65
31.862,Bluetooth,-65
31.925,Bluetooth,-68
31.926,Bluetooth,-68
31.955,Bluetooth,-65
31.956,Bluetooth,-65
32.026,Bluetooth,-63
32.027,Bluetooth,-62
32.067,Bluetooth,-68
32.068,Bluetooth,-68
32.097,Bluetooth,-65
32.098,Bluetooth,-67
32.126,Bluetooth,-64
32.127,Bluetooth,-63
32.158,Bluetooth,-66
32.160,Bluetooth,-66
32.261,Bluetooth,-63
32.262,Bluetooth,-64
32.298,Bluetooth,-65
32.299,Bluetooth,-65
32.335,Bluetooth,-66
32.336,Bluetooth,-66
32.365,Bluetooth,-63
32.366,Bluetooth,-64
32.399,Bluetooth,-65
32.400,Bluetooth,-64
32.465,Bluetooth,-66
32.466,Bluetooth,-65
32.494,Bluetooth,-64
32.496,Bluetooth,-63
32.535,Bluetooth,-65
32.536,Bluetooth,-64
32.567,Bluetooth,-64
32.568,Bluetooth,-64
32.598,Bluetooth,-63
32.599,Bluetooth,-62
32.630,Bluetooth,-63
32.631,Bluetooth,-63
32.661,Bluetooth,-68
32.662,Bluetooth,-69
32.695,Bluetooth,-65
32.697,Bluetooth,-65
32.727,Bluetooth,-61
32.728,Bluetooth,-62
32.763,Bluetooth,-68
32.764,Bluetooth,-68
32.803,Bluetooth,-65
32.804,Bluetooth,-66
32.867,Bluetooth,-61
32.868,Bluetooth,-62
32.904,Bluetooth,-66
32.905,Bluetooth,-66
32.941,Bluetooth,-67
32.941,Bluetooth,-66
33.014,Bluetooth,-64
33.015,Bluetooth,-64
33.047,Bluetooth,-66
33.049,Bluetooth,-67
33.077,Bluetooth,-63
33.078,Bluetooth,-63
33.116,Bluetooth,-63
33.117,Bluetooth,-64
33.151,Bluetooth,-63
33.152,Bluetooth,-62
33.183,Bluetooth,-65
33.184,Bluetooth,-64
33.211,Bluetooth,-65
33.212,Bluetooth,-66
33.247,Bluetooth,-62
33.248,Bluetooth,-64
33.284,Bluetooth,-66
33.285,Bluetooth,-66
33.350,Bluetooth,-63
33.351,Bluetooth,-63
33.383,Bluetooth,-63
33.384,Bluetooth,-62
33.421,Bluetooth,-66
33.455,Bluetooth,-63
33.456,Bluetooth,-63
33.488,Bluetooth,-65
33.489,Bluetooth,-64
33.524,Bluetooth,-64
33.525,Bluetooth,-64
33.582,Bluetooth,-63
33.583,Bluetooth,-63
33.646,Bluetooth,-64
33.648,Bluetooth,-64
33.749,Bluetooth,-64
33.750,Bluetooth,-64
33.780,Bluetooth,-66
33.782,Bluetooth,-65
33.816,Bluetooth,-63
33.817,Bluetooth,-63
33.852,Bluetooth,-63
33.853,Bluetooth,-62
33.884,Bluetooth,-69
33.885,Bluetooth,-69
34.021,Bluetooth,-68
34.022,Bluetooth,-67
34.052,Bluetooth,-61
34.053,Bluetooth,-61
34.085,Bluetooth,-63
34.086,Bluetooth,-63
34.204,Bluetooth,-63
34.204,Bluetooth,-63
34.229,Bluetooth,-63
34.230,Bluetooth,-63
34.345,Bluetooth,-65
34.346,Bluetooth,-65
34.386,Bluetooth,-64
34.387,Bluetooth,-64
34.418,Bluetooth,-63
34.419,Bluetooth,-63
34.489,Bluetooth,-64
34.491,Bluetooth,-65
34.527,Bluetooth,-64
34.529,Bluetooth,-61
34.558,Bluetooth,-65
34.559,Bluetooth,-65
34.628,Bluetooth,-66
34.629,Bluetooth,-66
34.663,Bluetooth,-64
34.664,Bluetooth,-63
34.704,Bluetooth,-62
34.705,Bluetooth,-63
34.735,Bluetooth,-67
34.736,Bluetooth,-67
34.771,Bluetooth,-62
34.772,Bluetooth,-62
34.842,Bluetooth,-68
34.844,Bluetooth,-68
34.880,Bluetooth,-61
34.881,Bluetooth,-62
34.954,Bluetooth,-61
34.955,Bluetooth,-63
34.982,Bluetooth,-68
34.983,Bluetooth,-68
35.021,Bluetooth,-61
35.022,Bluetooth,-60
35.057,Bluetooth,-65
35.058,Bluetooth,-65
35.090,Bluetooth,-69
35.091,Bluetooth,-69
60.319,Bluetooth,-68
60.354,Bluetooth,-67
60.355,Bluetooth,-65
60.387,Bluetooth,-66
60.389,Bluetooth,-66
60.458,Bluetooth,-69
60.459,Bluetooth,-67
60.499,Bluetooth,-65
60.500,Bluetooth,-65
60.536,Bluetooth,-63
60.537,Bluetooth,-63
60.571,Bluetooth,-70
60.572,Bluetooth,-69
60.608,Bluetooth,-66
60.609,Bluetooth,-67
60.644,Bluetooth,-75
60.645,Bluetooth,-73
60.676,Bluetooth,-70
60.678,Bluetooth,-69
60.741,Bluetooth,-67
60.771,Bluetooth,-63
60.772,Bluetooth,-63
60.812,Bluetooth,-70
60.813,Bluetooth,-70
60.844,Bluetooth,-68
60.845,Bluetooth,-67
60.875,Bluetooth,-63
60.876,Bluetooth,-63
60.909,Bluetooth,-63
60.942,Bluetooth,-71
60.943,Bluetooth,-71
60.979,Bluetooth,-68
60.980,Bluetooth,-68
61.010,Bluetooth,-64
61.011,Bluetooth,-63
61.125,Bluetooth,-65
61.126,Bluetooth,-65
61.157,Bluetooth,-72
61.159,Bluetooth,-72
61.188,Bluetooth,-72
61.190,Bluetooth,-72
61.259,Bluetooth,-65
61.260,Bluetooth,-64
61.289,Bluetooth,-72
61.291,Bluetooth,-73
61.324,Bluetooth,-68
61.325,Bluetooth,-68
61.431,Bluetooth,-73
61.432,Bluetooth,-73
61.462,Bluetooth,-68
61.464,Bluetooth,-69
61.500,Bluetooth,-64
61.501,Bluetooth,-63
61.573,Bluetooth,-69
61.574,Bluetooth,-69
61.606,Bluetooth,-64
61.607,Bluetooth,-64
61.640,Bluetooth,-76
61.674,Bluetooth,-69
61.676,Bluetooth,-69
61.708,Bluetooth,-69
61.709,Bluetooth,-69
61.740,Bluetooth,-64
61.741,Bluetooth,-64
61.782,Bluetooth,-77
61.819,Bluetooth,-69
61.820,Bluetooth,-69
61.850,Bluetooth,-64
61.851,Bluetooth,-64
61.917,Bluetooth,-72
62.024,Bluetooth,-77
62.062,Bluetooth,-69
62.064,Bluetooth,-70
62.090,Bluetooth,-63
62.091,Bluetooth,-63
62.162,Bluetooth,-68
62.164,Bluetooth,-69
62.201,Bluetooth,-64
62.239,Bluetooth,-80
62.342,Bluetooth,-63
62.343,Bluetooth,-64
62.373,Bluetooth,-76
62.374,Bluetooth,-77
62.404,Bluetooth,-69
62.406,Bluetooth,-69
62.441,Bluetooth,-63
62.442,Bluetooth,-63
62.481,Bluetooth,-77
62.482,Bluetooth,-77
62.511,Bluetooth,-78
62.512,Bluetooth,-78
62.544,Bluetooth,-69
62.545,Bluetooth,-69
62.653,Bluetooth,-69
62.655,Bluetooth,-70
62.684,Bluetooth,-63
62.686,Bluetooth,-65
62.722,Bluetooth,-82
62.723,Bluetooth,-81
62.763,Bluetooth,-69
62.764,Bluetooth,-69
62.831,Bluetooth,-64
62.832,Bluetooth,-64
62.902,Bluetooth,-69
62.903,Bluetooth,-68
62.935,Bluetooth,-65
62.936,Bluetooth,-64
62.973,Bluetooth,-77
62.974,Bluetooth,-76
63.006,Bluetooth,-69
63.007,Bluetooth,-69
63.043,Bluetooth,-64
63.044,Bluetooth,-65
63.252,Bluetooth,-70
63.282,Bluetooth,-64
63.283,Bluetooth,-63
63.318,Bluetooth,-75
63.319,Bluetooth,-76
63.357,Bluetooth,-75
63.358,Bluetooth,-75
63.395,Bluetooth,-63
63.396,Bluetooth,-63
63.434,Bluetooth,-64
63.468,Bluetooth,-75
63.469,Bluetooth,-74
63.501,Bluetooth,-69
63.503,Bluetooth,-68
63.535,Bluetooth,-64
63.536,Bluetooth,-63
63.573,Bluetooth,-75
63.574,Bluetooth,-75
63.645,Bluetooth,-65
63.715,Bluetooth,-69
63.716,Bluetooth,-70
63.817,Bluetooth,-72
63.818,Bluetooth,-73
63.855,Bluetooth,-69
63.856,Bluetooth,-69
63.886,Bluetooth,-64
63.888,Bluetooth,-65
63.917,Bluetooth,-73
63.954,Bluetooth,-68
63.955,Bluetooth,-70
63.990,Bluetooth,-68
63.991,Bluetooth,-69
64.028,Bluetooth,-64
64.105,Bluetooth,-68
64.106,Bluetooth,-69
64.138,Bluetooth,-65
64.139,Bluetooth,-66
64.183,Bluetooth,-73
64.184,Bluetooth,-72
64.216,Bluetooth,-70
64.218,Bluetooth,-69
80.304,Bluetooth,-58
80.306,Bluetooth,-58
80.337,Bluetooth,-58
80.338,Bluetooth,-57
80.437,Bluetooth,-58
80.438,Bluetooth,-57
80.507,Bluetooth,-58
80.508,Bluetooth,-58
80.545,Bluetooth,-59
80.546,Bluetooth,-58
80.574,Bluetooth,-55
80.575,Bluetooth,-56
80.613,Bluetooth,-57
80.614,Bluetooth,-57
80.644,Bluetooth,-56
80.645,Bluetooth,-57
80.682,Bluetooth,-57
80.683,Bluetooth,-56
80.829,Bluetooth,-57
80.893,Bluetooth,-57
80.894,Bluetooth,-58
80.924,Bluetooth,-57
80.926,Bluetooth,-56
80.963,Bluetooth,-58
80.965,Bluetooth,-57
80.994,Bluetooth,-56
80.995,Bluetooth,-57
81.055,Bluetooth,-57
81.056,Bluetooth,-57
81.092,Bluetooth,-58
81.093,Bluetooth,-57
81.128,Bluetooth,-56
81.129,Bluetooth,-55
81.164,Bluetooth,-56
81.165,Bluetooth,-56
81.205,Bluetooth,-58
81.206,Bluetooth,-58
81.243,Bluetooth,-57
81.244,Bluetooth,-59
81.278,Bluetooth,-57
81.279,Bluetooth,-57
81.308,Bluetooth,-57
81.309,Bluetooth,-57
81.342,Bluetooth,-58
81.344,Bluetooth,-58
81.378,Bluetooth,-57
81.379,Bluetooth,-57
81.412,Bluetooth,-59
81.413,Bluetooth,-58
81.447,Bluetooth,-58
81.448,Bluetooth,-58
81.509,Bluetooth,-57
81.510,Bluetooth,-58
81.547,Bluetooth,-58
81.548,Bluetooth,-58
81.659,Bluetooth,-58
81.660,Bluetooth,-57
81.692,Bluetooth,-58
81.693,Bluetooth,-58
81.728,Bluetooth,-57
81.730,Bluetooth,-58
81.841,Bluetooth,-58
81.842,Bluetooth,-58
81.908,Bluetooth,-58
81.949,Bluetooth,-60
81.950,Bluetooth,-59
81.988,Bluetooth,-58
81.988,Bluetooth,-57
82.026,Bluetooth,-58
82.027,Bluetooth,-58
82.064,Bluetooth,-58
82.065,Bluetooth,-59
82.097,Bluetooth,-58
82.098,Bluetooth,-58
82.128,Bluetooth,-58
82.129,Bluetooth,-59
82.168,Bluetooth,-58
82.169,Bluetooth,-58
82.203,Bluetooth,-58
82.204,Bluetooth,-56
82.241,Bluetooth,-57
82.242,Bluetooth,-57
82.281,Bluetooth,-58
82.282,Bluetooth,-58
82.315,Bluetooth,-57
82.317,Bluetooth,-57
82.389,Bluetooth,-58
82.422,Bluetooth,-58
82.423,Bluetooth,-57
82.453,Bluetooth,-57
82.453,Bluetooth,-57
82.481,Bluetooth,-59
82.482,Bluetooth,-58
82.559,Bluetooth,-59
82.560,Bluetooth,-58
82.626,Bluetooth,-57
82.628,Bluetooth,-57
82.700,Bluetooth,-58
82.702,Bluetooth,-58
82.733,Bluetooth,-58
82.734,Bluetooth,-57
82.772,Bluetooth,-57
82.774,Bluetooth,-57
82.808,Bluetooth,-58
82.809,Bluetooth,-59
82.843,Bluetooth,-58
82.844,Bluetooth,-58
82.883,Bluetooth,-59
82.885,Bluetooth,-58
82.914,Bluetooth,-58
82.915,Bluetooth,-58
82.979,Bluetooth,-58
83.015,Bluetooth,-58
83.016,Bluetooth,-57
83.085,Bluetooth,-59
83.087,Bluetooth,-59
83.121,Bluetooth,-58
83.122,Bluetooth,-57
83.195,Bluetooth,-58
83.196,Bluetooth,-58
83.231,Bluetooth,-58
83.232,Bluetooth,-59
83.302,Bluetooth,-57
83.303,Bluetooth,-57
83.337,Bluetooth,-57
83.413,Bluetooth,-57
83.414,Bluetooth,-57
83.445,Bluetooth,-57
83.446,Bluetooth,-58
83.486,Bluetooth,-58
83.487,Bluetooth,-58
83.521,Bluetooth,-57
83.522,Bluetooth,-57
83.556,Bluetooth,-58
83.557,Bluetooth,-57
83.595,Bluetooth,-58
83.596,Bluetooth,-58
83.657,Bluetooth,-58
83.658,Bluetooth,-57
83.686,Bluetooth,-57
83.687,Bluetooth,-57
83.722,Bluetooth,-56
83.723,Bluetooth,-58
83.831,Bluetooth,-56
83.833,Bluetooth,-56
83.866,Bluetooth,-57
83.867,Bluetooth,-57
83.903,Bluetooth,-56
83.904,Bluetooth,-57
83.931,Bluetooth,-57
83.932,Bluetooth,-57
83.968,Bluetooth,-57
83.970,Bluetooth,-57
84.003,Bluetooth,-57
84.004,Bluetooth,-57
84.034,Bluetooth,-56
84.035,Bluetooth,-57
84.068,Bluetooth,-57
84.069,Bluetooth,-57
84.133,Bluetooth,-55
84.134,Bluetooth,-57
108.383,Bluetooth,-48
108.384,Bluetooth,-50
108.413,Bluetooth,-50
108.414,Bluetooth,-50
108.453,Bluetooth,-51
108.455,Bluetooth,-50
108.493,Bluetooth,-49
108.494,Bluetooth,-51
108.524,Bluetooth,-49
108.525,Bluetooth,-48
108.561,Bluetooth,-49
108.562,Bluetooth,-49
108.598,Bluetooth,-49
108.600,Bluetooth,-49
108.634,Bluetooth,-48
108.635,Bluetooth,-49
108.674,Bluetooth,-50
108.675,Bluetooth,-51
108.708,Bluetooth,-50
108.709,Bluetooth,-52
108.776,Bluetooth,-48
108.777,Bluetooth,-49
108.810,Bluetooth,-51
108.842,Bluetooth,-52
108.843,Bluetooth,-51
108.946,Bluetooth,-54
108.948,Bluetooth,-54
108.977,Bluetooth,-52
108.978,Bluetooth,-52
109.013,Bluetooth,-49
109.014,Bluetooth,-48
109.045,Bluetooth,-51
109.046,Bluetooth,-52
109.079,Bluetooth,-50
109.081,Bluetooth,-50
109.110,Bluetooth,-51
109.111,Bluetooth,-50
109.183,Bluetooth,-50
109.184,Bluetooth,-50
109.221,Bluetooth,-49
109.222,Bluetooth,-49
109.257,Bluetooth,-46
109.258,Bluetooth,-47
109.289,Bluetooth,-50
109.290,Bluetooth,-50
109.322,Bluetooth,-50
109.324,Bluetooth,-49
109.388,Bluetooth,-46
109.389,Bluetooth,-48
109.418,Bluetooth,-48
109.419,Bluetooth,-49
109.458,Bluetooth,-49
109.459,Bluetooth,-49
109.491,Bluetooth,-48
109.492,Bluetooth,-48
109.526,Bluetooth,-50
109.527,Bluetooth,-50
109.562,Bluetooth,-49
109.563,Bluetooth,-50
109.599,Bluetooth,-48
109.638,Bluetooth,-50
109.639,Bluetooth,-50
109.783,Bluetooth,-50
109.784,Bluetooth,-51
109.849,Bluetooth,-48
109.850,Bluetooth,-48
109.887,Bluetooth,-51
109.888,Bluetooth,-49
109.922,Bluetooth,-49
109.923,Bluetooth,-49
109.988,Bluetooth,-48
109.989,Bluetooth,-48
110.066,Bluetooth,-50
110.068,Bluetooth,-48
110.097,Bluetooth,-48
110.098,Bluetooth,-48
110.134,Bluetooth,-51
110.136,Bluetooth,-51
110.174,Bluetooth,-49
110.175,Bluetooth,-49
110.212,Bluetooth,-48
110.213,Bluetooth,-48
110.249,Bluetooth,-50
110.250,Bluetooth,-49
110.280,Bluetooth,-49
110.282,Bluetooth,-49
110.309,Bluetooth,-49
110.311,Bluetooth,-48
110.343,Bluetooth,-50
110.344,Bluetooth,-49
110.383,Bluetooth,-50
110.384,Bluetooth,-51
110.415,Bluetooth,-50
110.416,Bluetooth,-49
110.518,Bluetooth,-50
110.519,Bluetooth,-50
110.584,Bluetooth,-48
110.586,Bluetooth,-49
110.623,Bluetooth,-50
110.624,Bluetooth,-49
110.661,Bluetooth,-52
110.662,Bluetooth,-52
110.689,Bluetooth,-47
110.691,Bluetooth,-47
110.724,Bluetooth,-48
110.725,Bluetooth,-50
110.802,Bluetooth,-48
110.803,Bluetooth,-47
110.835,Bluetooth,-50
110.836,Bluetooth,-50
110.902,Bluetooth,-52
110.903,Bluetooth,-52
110.939,Bluetooth,-46
110.940,Bluetooth,-47
110.978,Bluetooth,-49
110.979,Bluetooth,-49
111.018,Bluetooth,-52
111.020,Bluetooth,-52
111.050,Bluetooth,-48
111.052,Bluetooth,-48
111.082,Bluetooth,-50
111.083,Bluetooth,-51
111.113,Bluetooth,-52
111.114,Bluetooth,-53
111.224,Bluetooth,-50
111.225,Bluetooth,-51
111.261,Bluetooth,-52
111.262,Bluetooth,-52
111.291,Bluetooth,-48
111.292,Bluetooth,-49
111.332,Bluetooth,-50
111.333,Bluetooth,-50
111.509,Bluetooth,-52
111.511,Bluetooth,-51
111.582,Bluetooth,-49
111.584,Bluetooth,-51
111.677,Bluetooth,-49
111.678,Bluetooth,-51
111.709,Bluetooth,-51
111.710,Bluetooth,-51
111.746,Bluetooth,-51
111.774,Bluetooth,-48
111.776,Bluetooth,-47
111.806,Bluetooth,-50
111.807,Bluetooth,-51
111.847,Bluetooth,-54
111.922,Bluetooth,-50
111.923,Bluetooth,-50
111.956,Bluetooth,-54
111.957,Bluetooth,-53
111.992,Bluetooth,-54
111.993,Bluetooth,-54
112.023,Bluetooth,-48
112.024,Bluetooth,-48
112.137,Bluetooth,-48
112.138,Bluetooth,-48
112.167,Bluetooth,-50
112.169,Bluetooth,-50
112.341,Bluetooth,-55
112.342,Bluetooth,-55
143.968,Bluetooth,-65
143.969,Bluetooth,-65
143.999,Bluetooth,-62
144.000,Bluetooth,-64
144.031,Bluetooth,-63
144.032,Bluetooth,-62
144.067,Bluetooth,-67
144.068,Bluetooth,-67
144.175,Bluetooth,-70
144.177,Bluetooth,-70
144.209,Bluetooth,-70
144.240,Bluetooth,-63
144.241,Bluetooth,-62
144.269,Bluetooth,-64
144.270,Bluetooth,-63
144.371,Bluetooth,-62
144.401,Bluetooth,-70
144.402,Bluetooth,-70
144.434,Bluetooth,-70
144.475,Bluetooth,-62
144.476,Bluetooth,-63
144.510,Bluetooth,-64
144.511,Bluetooth,-63
144.624,Bluetooth,-65
144.625,Bluetooth,-64
144.703,Bluetooth,-64
144.704,Bluetooth,-64
144.768,Bluetooth,-63
144.807,Bluetooth,-59
144.808,Bluetooth,-60
144.838,Bluetooth,-62
144.840,Bluetooth,-63
144.872,Bluetooth,-60
144.873,Bluetooth,-62
144.937,Bluetooth,-60
144.939,Bluetooth,-60
144.974,Bluetooth,-63
144.975,Bluetooth,-62
145.004,Bluetooth,-63
145.005,Bluetooth,-61
145.040,Bluetooth,-60
145.041,Bluetooth,-58
145.140,Bluetooth,-62
145.141,Bluetooth,-63
145.177,Bluetooth,-60
145.178,Bluetooth,-60
145.216,Bluetooth,-58
145.246,Bluetooth,-61
145.248,Bluetooth,-63
145.393,Bluetooth,-74
145.394,Bluetooth,-75
145.425,Bluetooth,-72
145.456,Bluetooth,-71
145.457,Bluetooth,-71
145.530,Bluetooth,-64
145.531,Bluetooth,-63
145.564,Bluetooth,-66
145.565,Bluetooth,-67
145.601,Bluetooth,-66
145.602,Bluetooth,-66
145.635,Bluetooth,-66
145.636,Bluetooth,-66
145.666,Bluetooth,-66
145.667,Bluetooth,-65
145.697,Bluetooth,-68
145.698,Bluetooth,-67
145.763,Bluetooth,-64
145.837,Bluetooth,-63
145.838,Bluetooth,-63
145.870,Bluetooth,-64
145.871,Bluetooth,-64
145.934,Bluetooth,-70
145.935,Bluetooth,-71
145.964,Bluetooth,-64
145.965,Bluetooth,-65
146.000,Bluetooth,-66
146.001,Bluetooth,-66
146.075,Bluetooth,-64
146.076,Bluetooth,-66
146.147,Bluetooth,-66
146.148,Bluetooth,-67
146.178,Bluetooth,-63
146.179,Bluetooth,-64
146.209,Bluetooth,-68
146.211,Bluetooth,-67
146.280,Bluetooth,-64
146.281,Bluetooth,-64
146.313,Bluetooth,-68
146.314,Bluetooth,-68
146.347,Bluetooth,-66
146.348,Bluetooth,-67
146.382,Bluetooth,-62
146.383,Bluetooth,-62
146.422,Bluetooth,-60
146.423,Bluetooth,-61
146.455,Bluetooth,-66
146.456,Bluetooth,-67
146.492,Bluetooth,-63
146.493,Bluetooth,-63
146.567,Bluetooth,-67
146.568,Bluetooth,-66
146.603,Bluetooth,-61
146.604,Bluetooth,-60
146.643,Bluetooth,-62
146.644,Bluetooth,-64
146.676,Bluetooth,-67
146.677,Bluetooth,-67
146.706,Bluetooth,-67
146.707,Bluetooth,-68
146.775,Bluetooth,-63
146.776,Bluetooth,-62
146.805,Bluetooth,-67
146.807,Bluetooth,-68
146.844,Bluetooth,-61
146.845,Bluetooth,-61
146.879,Bluetooth,-64
146.880,Bluetooth,-63
146.911,Bluetooth,-64
146.912,Bluetooth,-64
146.939,Bluetooth,-66
146.941,Bluetooth,-66
146.971,Bluetooth,-59
146.972,Bluetooth,-60
147.001,Bluetooth,-66
147.002,Bluetooth,-65
147.031,Bluetooth,-66
147.032,Bluetooth,-68
147.059,Bluetooth,-65
147.060,Bluetooth,-64
147.091,Bluetooth,-61
147.092,Bluetooth,-61
147.122,Bluetooth,-67
147.123,Bluetooth,-68
147.225,Bluetooth,-62
147.226,Bluetooth,-62
147.300,Bluetooth,-65
147.301,Bluetooth,-65
147.333,Bluetooth,-64
147.334,Bluetooth,-63
147.373,Bluetooth,-66
147.374,Bluetooth,-66
147.441,Bluetooth,-65
147.442,Bluetooth,-64
147.477,Bluetooth,-67
147.479,Bluetooth,-66
147.542,Bluetooth,-64
147.543,Bluetooth,-65
147.579,Bluetooth,-64
147.580,Bluetooth,-64
147.653,Bluetooth,-66
147.653,Bluetooth,-65
147.685,Bluetooth,-66
147.686,Bluetooth,-66
147.725,Bluetooth,-66
147.726,Bluetooth,-66
147.756,Bluetooth,-65
147.758,Bluetooth,-65
147.871,Bluetooth,-65
147.872,Bluetooth,-65
147.896,Bluetooth,-66
147.897,Bluetooth,-66
147.928,Bluetooth,-63
147.929,Bluetooth,-64
174.967,Bluetooth,-65
174.968,Bluetooth,-66
175.006,Bluetooth,-62
175.007,Bluetooth,-63
175.038,Bluetooth,-68
175.040,Bluetooth,-69
175.076,Bluetooth,-69
175.077,Bluetooth,-69
175.142,Bluetooth,-62
175.143,Bluetooth,-63
175.212,Bluetooth,-70
175.213,Bluetooth,-71
175.247,Bluetooth,-62
175.248,Bluetooth,-62
175.281,Bluetooth,-68
175.282,Bluetooth,-69
175.347,Bluetooth,-69
175.348,Bluetooth,-70
175.425,Bluetooth,-67
175.426,Bluetooth,-67
175.453,Bluetooth,-71
175.454,Bluetooth,-71
175.494,Bluetooth,-62
175.495,Bluetooth,-62
175.573,Bluetooth,-71
175.574,Bluetooth,-70
175.605,Bluetooth,-61
175.606,Bluetooth,-63
175.641,Bluetooth,-67
175.740,Bluetooth,-62
175.741,Bluetooth,-62
175.775,Bluetooth,-68
175.776,Bluetooth,-68
175.812,Bluetooth,-70
175.814,Bluetooth,-70
175.842,Bluetooth,-61
175.843,Bluetooth,-61
175.875,Bluetooth,-68
175.876,Bluetooth,-69
175.907,Bluetooth,-68
175.908,Bluetooth,-69
175.942,Bluetooth,-69
175.943,Bluetooth,-70
175.982,Bluetooth,-61
175.983,Bluetooth,-62
176.016,Bluetooth,-68
176.017,Bluetooth,-68
176.045,Bluetooth,-67
176.079,Bluetooth,-61
176.080,Bluetooth,-61
176.119,Bluetooth,-67
176.120,Bluetooth,-67
176.182,Bluetooth,-68
176.183,Bluetooth,-68
176.215,Bluetooth,-61
176.216,Bluetooth,-60
176.248,Bluetooth,-67
176.249,Bluetooth,-68
176.324,Bluetooth,-60
176.325,Bluetooth,-60
176.383,Bluetooth,-67
176.385,Bluetooth,-69
176.422,Bluetooth,-68
176.423,Bluetooth,-70
176.463,Bluetooth,-60
176.464,Bluetooth,-60
176.494,Bluetooth,-68
176.495,Bluetooth,-68
176.525,Bluetooth,-68
176.526,Bluetooth,-69
176.604,Bluetooth,-68
176.605,Bluetooth,-67
176.662,Bluetooth,-69
176.663,Bluetooth,-67
176.695,Bluetooth,-60
176.696,Bluetooth,-62
176.763,Bluetooth,-68
176.764,Bluetooth,-66
176.796,Bluetooth,-62
176.797,Bluetooth,-61
176.829,Bluetooth,-62
176.830,Bluetooth,-61
176.868,Bluetooth,-68
176.869,Bluetooth,-68
176.904,Bluetooth,-66
176.906,Bluetooth,-66
176.941,Bluetooth,-60
176.942,Bluetooth,-61
177.081,Bluetooth,-68
177.082,Bluetooth,-69
177.114,Bluetooth,-68
177.115,Bluetooth,-67
177.155,Bluetooth,-61
177.156,Bluetooth,-60
177.231,Bluetooth,-70
177.232,Bluetooth,-68
177.302,Bluetooth,-59
177.375,Bluetooth,-67
177.376,Bluetooth,-68
177.414,Bluetooth,-61
177.415,Bluetooth,-60
177.454,Bluetooth,-70
177.455,Bluetooth,-70
177.487,Bluetooth,-67
177.488,Bluetooth,-67
177.519,Bluetooth,-61
177.520,Bluetooth,-61
177.623,Bluetooth,-66
177.624,Bluetooth,-67
177.658,Bluetooth,-60
177.659,Bluetooth,-60
177.737,Bluetooth,-67
177.774,Bluetooth,-60
177.776,Bluetooth,-60
177.808,Bluetooth,-68
177.809,Bluetooth,-68
177.837,Bluetooth,-66
177.838,Bluetooth,-66
177.901,Bluetooth,-59
177.902,Bluetooth,-60
177.935,Bluetooth,-68
177.936,Bluetooth,-68
178.010,Bluetooth,-60
178.011,Bluetooth,-59
178.051,Bluetooth,-68
178.053,Bluetooth,-68
178.081,Bluetooth,-65
178.082,Bluetooth,-65
178.116,Bluetooth,-60
178.117,Bluetooth,-60
178.149,Bluetooth,-60
178.149,Bluetooth,-60
178.215,Bluetooth,-65
178.216,Bluetooth,-66
178.250,Bluetooth,-60
178.252,Bluetooth,-60
178.325,Bluetooth,-65
178.326,Bluetooth,-66
178.388,Bluetooth,-60
178.389,Bluetooth,-61
178.498,Bluetooth,-60
178.499,Bluetooth,-60
178.537,Bluetooth,-70
178.538,Bluetooth,-70
178.576,Bluetooth,-65
178.577,Bluetooth,-65
178.651,Bluetooth,-71
178.652,Bluetooth,-70
178.684,Bluetooth,-65
178.685,Bluetooth,-65
178.724,Bluetooth,-61
178.725,Bluetooth,-61
178.757,Bluetooth,-73
178.758,Bluetooth,-73
178.827,Bluetooth,-66
178.828,Bluetooth,-66
178.898,Bluetooth,-76
178.899,Bluetooth,-75
178.937,Bluetooth,-67
178.938,Bluetooth,-67
206.459,Bluetooth,-66
206.460,Bluetooth,-66
206.492,Bluetooth,-73
206.494,Bluetooth,-72
206.527,Bluetooth,-68
206.527,Bluetooth,-68
206.596,Bluetooth,-71
206.598,Bluetooth,-72
206.627,Bluetooth,-74
206.628,Bluetooth,-71
206.738,Bluetooth,-71
206.739,Bluetooth,-71
206.808,Bluetooth,-66
206.809,Bluetooth,-66
206.843,Bluetooth,-71
206.844,Bluetooth,-71
206.907,Bluetooth,-70
206.908,Bluetooth,-70
206.972,Bluetooth,-72
206.973,Bluetooth,-71
207.038,Bluetooth,-67
207.039,Bluetooth,-66
207.069,Bluetooth,-67
207.070,Bluetooth,-66
207.106,Bluetooth,-71
207.107,Bluetooth,-71
207.137,Bluetooth,-71
207.138,Bluetooth,-70
207.204,Bluetooth,-71
207.205,Bluetooth,-71
207.239,Bluetooth,-70
207.240,Bluetooth,-71
207.269,Bluetooth,-70
207.271,Bluetooth,-71
207.372,Bluetooth,-71
207.405,Bluetooth,-67
207.406,Bluetooth,-67
207.478,Bluetooth,-71
207.517,Bluetooth,-67
207.518,Bluetooth,-67
207.548,Bluetooth,-66
207.549,Bluetooth,-68
207.585,Bluetooth,-72
207.586,Bluetooth,-72
207.617,Bluetooth,-73
207.618,Bluetooth,-72
207.649,Bluetooth,-67
207.650,Bluetooth,-67
207.749,Bluetooth,-74
207.750,Bluetooth,-74
207.783,Bluetooth,-67
207.784,Bluetooth,-67
207.852,Bluetooth,-73
207.853,Bluetooth,-72
207.918,Bluetooth,-71
207.919,Bluetooth,-70
207.956,Bluetooth,-73
207.957,Bluetooth,-72
207.997,Bluetooth,-67
207.998,Bluetooth,-66
208.033,Bluetooth,-70
208.034,Bluetooth,-72
208.064,Bluetooth,-71
208.065,Bluetooth,-71
208.098,Bluetooth,-72
208.099,Bluetooth,-72
208.130,Bluetooth,-67
208.131,Bluetooth,-67
208.170,Bluetooth,-70
208.171,Bluetooth,-70
208.237,Bluetooth,-67
208.238,Bluetooth,-67
208.267,Bluetooth,-66
208.268,Bluetooth,-66
208.300,Bluetooth,-70
208.337,Bluetooth,-71
208.338,Bluetooth,-73
208.409,Bluetooth,-70
208.509,Bluetooth,-66
208.511,Bluetooth,-65
208.582,Bluetooth,-72
208.620,Bluetooth,-66
208.620,Bluetooth,-67
208.660,Bluetooth,-69
208.693,Bluetooth,-73
208.694,Bluetooth,-73
208.766,Bluetooth,-70
208.768,Bluetooth,-69
208.799,Bluetooth,-72
208.801,Bluetooth,-72
208.905,Bluetooth,-69
208.907,Bluetooth,-68
208.974,Bluetooth,-67
208.976,Bluetooth,-66
209.007,Bluetooth,-69
209.009,Bluetooth,-68
209.041,Bluetooth,-72
209.075,Bluetooth,-66
209.114,Bluetooth,-73
209.115,Bluetooth,-72
209.182,Bluetooth,-69
209.215,Bluetooth,-67
209.216,Bluetooth,-66
209.248,Bluetooth,-69
209.286,Bluetooth,-71
209.287,Bluetooth,-71
209.359,Bluetooth,-71
209.360,Bluetooth,-70
209.393,Bluetooth,-71
209.394,Bluetooth,-71
209.431,Bluetooth,-70
209.432,Bluetooth,-72
209.462,Bluetooth,-66
209.463,Bluetooth,-66
209.533,Bluetooth,-71
209.534,Bluetooth,-71
209.565,Bluetooth,-69
209.566,Bluetooth,-68
209.596,Bluetooth,-71
209.597,Bluetooth,-71
209.632,Bluetooth,-66
209.633,Bluetooth,-66
209.671,Bluetooth,-65
209.672,Bluetooth,-65
209.713,Bluetooth,-74
209.714,Bluetooth,-75
209.750,Bluetooth,-77
209.752,Bluetooth,-76
209.782,Bluetooth,-63
209.784,Bluetooth,-64
209.813,Bluetooth,-69
209.815,Bluetooth,-68
209.851,Bluetooth,-87
209.853,Bluetooth,-88
209.882,Bluetooth,-67
209.884,Bluetooth,-68
209.955,Bluetooth,-79
209.992,Bluetooth,-64
209.994,Bluetooth,-64
210.062,Bluetooth,-71
210.063,Bluetooth,-70
210.133,Bluetooth,-63
210.134,Bluetooth,-62
210.171,Bluetooth,-72
210.173,Bluetooth,-72
210.212,Bluetooth,-78
210.241,Bluetooth,-62
210.243,Bluetooth,-64
210.278,Bluetooth,-73
210.279,Bluetooth,-72
210.382,Bluetooth,-62
210.383,Bluetooth,-63
231.704,Bluetooth,-59
231.705,Bluetooth,-59
231.736,Bluetooth,-66
231.737,Bluetooth,-67
231.765,Bluetooth,-63
231.766,Bluetooth,-63
231.808,Bluetooth,-58
231.810,Bluetooth,-59
231.843,Bluetooth,-67
231.844,Bluetooth,-66
231.877,Bluetooth,-61
231.879,Bluetooth,-61
231.913,Bluetooth,-59
231.914,Bluetooth,-58
231.952,Bluetooth,-66
231.953,Bluetooth,-66
231.984,Bluetooth,-66
231.985,Bluetooth,-66
232.019,Bluetooth,-62
232.020,Bluetooth,-64
232.058,Bluetooth,-60
232.099,Bluetooth,-67
232.100,Bluetooth,-67
232.136,Bluetooth,-64
232.137,Bluetooth,-63
232.168,Bluetooth,-59
232.169,Bluetooth,-59
232.200,Bluetooth,-65
232.201,Bluetooth,-67
232.261,Bluetooth,-64
232.263,Bluetooth,-63
232.301,Bluetooth,-59
232.302,Bluetooth,-59
232.339,Bluetooth,-66
232.340,Bluetooth,-67
232.370,Bluetooth,-64
232.371,Bluetooth,-62
232.445,Bluetooth,-66
232.447,Bluetooth,-67
232.547,Bluetooth,-58
232.548,Bluetooth,-57
232.581,Bluetooth,-67
232.582,Bluetooth,-66
232.614,Bluetooth,-62
232.615,Bluetooth,-62
232.716,Bluetooth,-63
232.717,Bluetooth,-63
232.797,Bluetooth,-66
232.798,Bluetooth,-65
232.832,Bluetooth,-62
232.833,Bluetooth,-62
232.862,Bluetooth,-62
232.863,Bluetooth,-63
232.897,Bluetooth,-59
232.898,Bluetooth,-58
232.934,Bluetooth,-65
232.935,Bluetooth,-65
232.973,Bluetooth,-63
232.974,Bluetooth,-63
233.045,Bluetooth,-65
233.046,Bluetooth,-65
233.079,Bluetooth,-63
233.080,Bluetooth,-62
233.108,Bluetooth,-63
233.110,Bluetooth,-63
233.139,Bluetooth,-58
233.140,Bluetooth,-60
233.174,Bluetooth,-65
233.175,Bluetooth,-65
233.206,Bluetooth,-63
233.207,Bluetooth,-63
233.241,Bluetooth,-59
233.242,Bluetooth,-60
233.275,Bluetooth,-64
233.277,Bluetooth,-65
233.309,Bluetooth,-65
233.310,Bluetooth,-64
233.336,Bluetooth,-63
233.337,Bluetooth,-62
233.367,Bluetooth,-59
233.368,Bluetooth,-58
233.401,Bluetooth,-65
233.402,Bluetooth,-64
233.510,Bluetooth,-59
233.511,Bluetooth,-59
233.547,Bluetooth,-63
233.548,Bluetooth,-62
233.584,Bluetooth,-63
233.584,Bluetooth,-63
233.654,Bluetooth,-63
233.689,Bluetooth,-63
233.690,Bluetooth,-64
233.756,Bluetooth,-63
233.757,Bluetooth,-63
233.789,Bluetooth,-63
233.790,Bluetooth,-64
233.827,Bluetooth,-63
233.829,Bluetooth,-62
233.930,Bluetooth,-63
233.931,Bluetooth,-63
233.964,Bluetooth,-60
233.965,Bluetooth,-59
233.997,Bluetooth,-64
234.033,Bluetooth,-62
234.034,Bluetooth,-63
234.073,Bluetooth,-58
234.075,Bluetooth,-60
234.103,Bluetooth,-58
234.105,Bluetooth,-59
234.175,Bluetooth,-62
234.177,Bluetooth,-64
234.212,Bluetooth,-59
234.214,Bluetooth,-59
234.276,Bluetooth,-63
234.278,Bluetooth,-63
234.315,Bluetooth,-59
234.316,Bluetooth,-58
234.449,Bluetooth,-59
234.450,Bluetooth,-59
234.487,Bluetooth,-66
234.488,Bluetooth,-65
234.527,Bluetooth,-62
234.528,Bluetooth,-64
234.563,Bluetooth,-59
234.565,Bluetooth,-60
234.678,Bluetooth,-59
234.680,Bluetooth,-59
234.707,Bluetooth,-59
234.708,Bluetooth,-59
234.741,Bluetooth,-66
234.777,Bluetooth,-62
234.778,Bluetooth,-63
234.812,Bluetooth,-59
234.813,Bluetooth,-59
234.849,Bluetooth,-66
234.850,Bluetooth,-66
234.886,Bluetooth,-62
234.888,Bluetooth,-62
234.920,Bluetooth,-59
234.920,Bluetooth,-60
234.996,Bluetooth,-63
234.997,Bluetooth,-63
235.035,Bluetooth,-61
235.036,Bluetooth,-58
235.065,Bluetooth,-59
235.066,Bluetooth,-59
235.100,Bluetooth,-66
235.101,Bluetooth,-67
235.129,Bluetooth,-62
235.130,Bluetooth,-63
235.162,Bluetooth,-59
235.163,Bluetooth,-59
235.199,Bluetooth,-65
235.200,Bluetooth,-67
235.237,Bluetooth,-62
235.238,Bluetooth,-62
235.270,Bluetooth,-62
235.308,Bluetooth,-59
235.310,Bluetooth,-59
235.397,Bluetooth,-59
235.398,Bluetooth,-60
235.536,Bluetooth,-59
235.537,Bluetooth,-59
235.641,Bluetooth,-60
235.642,Bluetooth,-60
235.675,Bluetooth,-67
235.677,Bluetooth,-67
251.720,Bluetooth,-52
251.722,Bluetooth,-52
251.756,Bluetooth,-56
251.757,Bluetooth,-56
251.825,Bluetooth,-57
251.826,Bluetooth,-57
251.855,Bluetooth,-52
251.857,Bluetooth,-52
251.890,Bluetooth,-56
251.891,Bluetooth,-56
251.924,Bluetooth,-57
251.925,Bluetooth,-57
251.956,Bluetooth,-52
251.957,Bluetooth,-52
252.100,Bluetooth,-52
252.134,Bluetooth,-56
252.135,Bluetooth,-56
252.165,Bluetooth,-57
252.166,Bluetooth,-57
252.197,Bluetooth,-52
252.198,Bluetooth,-51
252.229,Bluetooth,-53
252.230,Bluetooth,-52
252.259,Bluetooth,-55
252.261,Bluetooth,-56
252.299,Bluetooth,-56
252.300,Bluetooth,-57
252.373,Bluetooth,-58
252.374,Bluetooth,-57
252.405,Bluetooth,-57
252.407,Bluetooth,-57
252.443,Bluetooth,-51
252.444,Bluetooth,-53
252.483,Bluetooth,-58
252.485,Bluetooth,-57
252.521,Bluetooth,-57
252.555,Bluetooth,-52
252.557,Bluetooth,-51
252.585,Bluetooth,-51
252.587,Bluetooth,-52
252.623,Bluetooth,-57
252.625,Bluetooth,-57
252.662,Bluetooth,-57
252.663,Bluetooth,-57
252.861,Bluetooth,-56
252.862,Bluetooth,-57
252.899,Bluetooth,-57
252.900,Bluetooth,-56
252.936,Bluetooth,-52
252.937,Bluetooth,-52
253.009,Bluetooth,-56
253.010,Bluetooth,-57
253.047,Bluetooth,-52
253.048,Bluetooth,-52
253.111,Bluetooth,-56
253.113,Bluetooth,-55
253.148,Bluetooth,-56
253.149,Bluetooth,-57
253.349,Bluetooth,-56
253.350,Bluetooth,-55
253.383,Bluetooth,-56
253.384,Bluetooth,-57
253.481,Bluetooth,-58
253.515,Bluetooth,-52
253.516,Bluetooth,-52
253.581,Bluetooth,-56
253.582,Bluetooth,-56
253.646,Bluetooth,-52
253.647,Bluetooth,-52
253.686,Bluetooth,-54
253.687,Bluetooth,-56
253.756,Bluetooth,-52
253.757,Bluetooth,-52
253.786,Bluetooth,-53
253.787,Bluetooth,-52
253.817,Bluetooth,-55
253.924,Bluetooth,-61
253.925,Bluetooth,-61
253.960,Bluetooth,-57
253.961,Bluetooth,-57
253.993,Bluetooth,-51
253.994,Bluetooth,-52
254.034,Bluetooth,-55
254.035,Bluetooth,-57
254.106,Bluetooth,-55
254.107,Bluetooth,-56
254.206,Bluetooth,-58
254.207,Bluetooth,-57
254.243,Bluetooth,-52
254.244,Bluetooth,-51
254.273,Bluetooth,-55
254.274,Bluetooth,-56
254.417,Bluetooth,-55
254.418,Bluetooth,-56
254.454,Bluetooth,-57
254.455,Bluetooth,-57
254.485,Bluetooth,-51
254.487,Bluetooth,-51
254.517,Bluetooth,-54
254.519,Bluetooth,-56
254.627,Bluetooth,-52
254.628,Bluetooth,-52
254.664,Bluetooth,-56
254.697,Bluetooth,-56
254.699,Bluetooth,-56
254.795,Bluetooth,-57
254.797,Bluetooth,-57
254.833,Bluetooth,-52
254.906,Bluetooth,-54
254.907,Bluetooth,-57
254.946,Bluetooth,-57
254.947,Bluetooth,-58
254.977,Bluetooth,-52
254.978,Bluetooth,-51
255.158,Bluetooth,-58
255.159,Bluetooth,-57
255.194,Bluetooth,-52
255.195,Bluetooth,-50
255.255,Bluetooth,-56
255.256,Bluetooth,-55
255.290,Bluetooth,-57
255.291,Bluetooth,-57
255.325,Bluetooth,-52
255.326,Bluetooth,-52
255.399,Bluetooth,-56
255.400,Bluetooth,-56
255.429,Bluetooth,-56
255.430,Bluetooth,-56
255.463,Bluetooth,-53
255.464,Bluetooth,-52
255.495,Bluetooth,-55
255.496,Bluetooth,-54
255.533,Bluetooth,-56
255.534,Bluetooth,-55
255.566,Bluetooth,-52
255.567,Bluetooth,-52
255.598,Bluetooth,-55
255.599,Bluetooth,-55
255.667,Bluetooth,-56